 mult_seq:              4        1000   20.5625000000000000000000000000000      
 mult_coarr:            4        1000   7.21875000000000000000000000000000      
 gauss_seq:             4        1000   2.25000000000000000000000000000000      
send of 28 bytes failed.
 mult_seq:              4         100  0.000000000000000000000000000000000E+0000
 mult_coarr:            4         100  0.250000000000000000000000000000000      
 gauss_seq:             4         100  0.000000000000000000000000000000000E+0000
 mult_seq:              4        1000   21.2187500000000000000000000000000      
 mult_coarr:            4        1000   7.42187500000000000000000000000000      
 gauss_seq:             4        1000   2.56250000000000000000000000000000      
