 lol
 mult_seq:        1000   21.4375000000000000000000000000000      
 mult_seq:          10  0.000000000000000000000000000000000E+0000
